   7.9589205e-02   2.3420678e-01   7.8732496e-01  -9.9085467e-02   7.3205174e-02  -2.0856375e-01   1.5591485e-02  -2.7158841e-01   5.8030068e-02  -3.1470086e-02
   1.0311875e-01   2.6123316e-01   9.0297236e-01  -1.0567592e-01   6.8592809e-02  -2.3838516e-01   3.4823410e-02  -1.8479811e-01   1.1443150e-01  -4.5489234e-02
   9.1998349e-02   2.5598913e-01   8.4219597e-01  -1.0236865e-01   7.4117293e-02  -2.4461246e-01   3.1744539e-02  -2.6674355e-01   1.0406699e-01  -4.8976195e-02
   9.0312553e-02   2.5131135e-01   7.4052229e-01  -1.0686785e-01   7.4229160e-02  -2.2931956e-01   2.0740718e-02  -2.8216113e-01   9.9500348e-02  -3.7410237e-02
   8.3749864e-02   2.6059103e-01   7.7642714e-01  -9.8613943e-02   8.6403563e-02  -2.0334820e-01   5.0904466e-02  -2.7907550e-01   1.6360829e-01  -2.5836296e-02
   1.0834763e-01   3.1079079e-01   1.1243965e+00  -1.2929811e-01   9.8461615e-02  -2.3959642e-01   2.4309017e-02  -3.9360509e-01   8.0797056e-02  -2.2998643e-02
   8.4089742e-02   2.5001383e-01   8.1230154e-01  -1.0028857e-01   8.2195981e-02  -1.8764697e-01   3.5843396e-02  -2.7270641e-01   1.3959336e-01  -1.7031616e-02
   9.5326320e-02   2.9035653e-01   9.3563762e-01  -1.0628249e-01   9.5419869e-02  -2.1533407e-01   2.5663292e-02  -3.4297689e-01   1.1399341e-01  -2.6221962e-02
   9.7392478e-02   2.7751936e-01   8.3038033e-01  -1.0897735e-01   8.2631954e-02  -2.3400075e-01   3.0538594e-02  -3.7750872e-01   1.3920263e-01  -3.8432218e-02
   8.7731055e-02   2.6700360e-01   8.6316401e-01  -1.1429831e-01   8.8080143e-02  -2.2077660e-01   2.6553083e-02  -1.3677588e-01   1.0737863e-01  -2.4833865e-02
   8.0132445e-02   2.3985404e-01   7.8602197e-01  -1.0136216e-01   7.6979079e-02  -2.1169889e-01   2.9157356e-02  -2.5215136e-01   9.5832259e-02  -2.9873925e-02
   1.3923481e-02   3.5508236e-02   2.5007909e-01  -5.1088445e-02   1.0506922e-02  -8.6476223e-02  -6.3665420e-04   6.0078075e-02   6.3427771e-02  -1.0578264e-02
   3.5067065e-02   9.7276811e-02   5.2535530e-01  -4.4606966e-02   2.9956549e-02  -7.6945889e-02  -7.0812187e-03  -5.3315426e-02  -5.2452323e-02  -6.3755987e-03
   3.4961297e-02   1.0053726e-01   3.2734344e-01  -3.0688731e-02   2.9062452e-02  -6.5262418e-02  -7.6894897e-03  -2.6584443e-02  -5.8403608e-02  -1.0906690e-02
   8.4678224e-02   2.4982961e-01   7.1344094e-01  -1.0312940e-01   7.7140696e-02  -2.2709228e-01   3.0379935e-02  -2.2998730e-01   1.9963007e-01  -3.8296252e-02
   9.3498373e-02   2.8190728e-01   8.3947337e-01  -1.0366200e-01   9.0766840e-02  -2.1752964e-01   4.6094502e-02  -2.7795174e-01   1.5557994e-01  -2.9846534e-02
   8.4982904e-02   2.5209421e-01   8.9868926e-01  -1.1981761e-01   8.1711690e-02  -2.3471214e-01   3.4993038e-02  -2.8246280e-01   1.4043551e-01  -2.8714629e-02
   8.8604846e-02   2.6683439e-01   7.8130019e-01  -9.9494508e-02   8.5530975e-02  -2.0011525e-01   4.4336886e-02  -1.8453952e-01   2.4812909e-01  -2.4708289e-02
   3.4570289e-02   9.4892040e-02   4.7510678e-01  -2.8797870e-02   2.7423903e-02  -6.1227928e-02  -3.9749284e-03  -2.3041011e-01  -3.7324545e-02  -1.0141076e-02
   1.0281980e-01   3.0833097e-01   9.0454727e-01  -1.2787845e-01   9.9115402e-02  -2.6135816e-01   4.0467637e-02  -3.2030663e-01   1.4564028e-01  -3.4831865e-02
   9.3440674e-02   2.8005571e-01   9.3672522e-01  -1.2312958e-01   9.1688140e-02  -2.3634889e-01   1.6378364e-02  -5.2108844e-01   4.8165046e-02  -2.6444880e-02
   2.0586693e-02   7.5915674e-02   2.9996373e-01  -5.2352380e-02   2.8358973e-02  -9.1535885e-02  -1.0431721e-02  -1.0763914e-02  -7.8853222e-02  -8.9772394e-03
   8.5626544e-02   2.6168225e-01   8.6156786e-01  -1.1631644e-01   8.7585196e-02  -2.1816731e-01   3.1315192e-02  -3.3858098e-01   1.7182711e-01  -2.1094967e-02
   9.3138396e-02   2.6630387e-01   6.7462600e-01  -1.2700255e-01   7.9226669e-02  -2.9457058e-01   4.1472287e-02  -3.0611493e-01   1.8120400e-01  -5.7065344e-02
   6.9691348e-02   2.1041930e-01   7.1711138e-01  -1.0647080e-01   6.6450758e-02  -2.2933144e-01   2.0714697e-02  -2.6254692e-01   4.5119930e-02  -3.7894605e-02
   8.7165383e-02   2.5160848e-01   8.7735666e-01  -1.0184378e-01   7.8221550e-02  -2.0987009e-01   1.9752143e-02  -2.0544970e-01   7.7738591e-02  -3.0329782e-02
   8.4389052e-02   2.4069859e-01   8.5839529e-01  -1.1373717e-01   7.4493761e-02  -2.2174541e-01   1.7820367e-02  -2.6429499e-01   1.2635047e-02  -2.8808881e-02
   9.8091347e-02   2.7301878e-01   7.5392335e-01  -9.5141726e-02   7.8204780e-02  -2.2350666e-01   1.5334461e-02  -2.4563218e-01   1.1511803e-01  -4.3659616e-02
   8.4531477e-02   2.3240468e-01   8.0306017e-01  -1.0679956e-01   6.7977660e-02  -2.1601825e-01   4.1463141e-02  -2.9170364e-01   2.3063722e-01  -3.2791198e-02
   6.5269539e-02   1.9199553e-01   6.8995411e-01  -1.0264139e-01   6.0073773e-02  -2.1050462e-01   1.6020070e-02  -2.6710201e-01   7.2179778e-02  -3.3254875e-02
   1.0604548e-01   2.8629595e-01   9.3383667e-01  -1.0096581e-01   7.9895597e-02  -2.3444680e-01   1.0377066e-02  -3.9313449e-01   6.6813233e-02  -4.6018625e-02
   1.0048832e-01   2.7499284e-01   9.0656337e-01  -1.1964407e-01   7.9453653e-02  -2.3198930e-01   1.8770181e-02  -3.3407792e-01   6.2854080e-02  -3.2042750e-02
   8.8870025e-02   2.6740709e-01   8.3290321e-01  -1.1093678e-01   8.3913116e-02  -2.4648215e-01   1.0813949e-02  -1.8534022e-01   7.1097555e-02  -4.3164055e-02
   1.1116494e-01   2.8454430e-01   9.8116497e-01  -8.9802545e-02   7.6341131e-02  -1.9561002e-01   1.2842440e-02  -1.5575250e-01   6.1212637e-02  -3.3407609e-02
   9.7875500e-02   2.7724285e-01   9.3951000e-01  -1.1957439e-01   8.2132646e-02  -2.4019275e-01   9.4019748e-03  -2.8916475e-01   3.8345222e-02  -3.5669929e-02
   8.6311773e-02   2.6106846e-01   7.7454247e-01  -9.2837819e-02   8.1902642e-02  -2.2796804e-01   2.9414960e-02  -3.4545541e-01   3.9958701e-02  -4.4566764e-02
   7.8160832e-02   2.4831367e-01   7.9750072e-01  -1.0824795e-01   8.3633004e-02  -2.1438500e-01   4.4259279e-02  -3.5249764e-01   2.1473160e-01  -2.6288381e-02
   7.9936688e-02   2.4377423e-01   6.1505992e-01  -1.2065256e-01   7.7775625e-02  -2.5413823e-01   3.3671703e-02  -2.2351161e-01   2.1310981e-01  -4.0020866e-02
   9.3843640e-02   2.8287575e-01   8.6159567e-01  -1.0227935e-01   9.2359253e-02  -1.9619764e-01   2.5535630e-02  -2.0201432e-01   7.7936869e-02  -1.9608614e-02
   9.4818764e-02   2.5475196e-01   9.3508723e-01  -9.8241069e-02   7.5055656e-02  -1.9929231e-01   1.5602378e-02  -3.4341396e-01   6.3050434e-03  -2.7543418e-02
   7.3862929e-02   2.4953639e-01   8.3652410e-01  -1.1792860e-01   8.9871602e-02  -2.1797084e-01   1.9613609e-02  -1.9034053e-01   6.7808368e-02  -1.9140197e-02
   2.5954672e-02   6.7715525e-02   3.9580511e-01  -3.9202256e-02   1.8811905e-02  -7.6257554e-02  -1.2787810e-02  -1.1539869e-01  -8.1592516e-02  -1.2378836e-02
   1.1402095e-01   2.9415021e-01   1.1325214e+00  -1.0169545e-01   7.9211872e-02  -2.2316685e-01   1.9419963e-02  -3.8357142e-01   5.9239299e-02  -3.9970591e-02
   9.1833901e-02   2.5063086e-01   9.8552609e-01  -1.2856587e-01   7.4958115e-02  -2.5857618e-01   1.5255791e-02  -1.9075501e-01   1.2331348e-01  -3.7568595e-02
   7.4929699e-02   2.2975439e-01   8.0626028e-01  -1.0552206e-01   7.6703545e-02  -1.9304929e-01   3.0708150e-02  -3.7841748e-01   1.7688195e-01  -1.8810978e-02
   7.9921138e-02   2.3142471e-01   8.4390134e-01  -8.6459467e-02   6.9878906e-02  -1.9159600e-01   1.8698001e-02  -3.1881831e-01   3.2517388e-02  -3.3697391e-02
   7.6895691e-02   2.1340043e-01   8.2798208e-01  -9.5244725e-02   6.4977605e-02  -1.8021202e-01   1.7781757e-02  -1.2544519e-01   8.1901010e-02  -2.0904988e-02
   9.8676123e-02   2.6442764e-01   1.0077279e+00  -1.1235804e-01   7.6383953e-02  -2.1727546e-01  -7.0270721e-03  -3.6069462e-01   3.0467787e-03  -2.9566815e-02
   1.0457995e-01   2.8492910e-01   9.1866674e-01  -8.4927741e-02   8.2602618e-02  -1.7740901e-01   3.6198376e-02  -3.6028729e-01   1.5852592e-01  -2.5441801e-02
   9.7057049e-02   2.4928411e-01   9.1199597e-01  -9.2257495e-02   6.7307465e-02  -1.9617065e-01   2.6827183e-02  -3.3477290e-01   1.1065991e-01  -3.3649334e-02
   8.4677059e-02   2.3891031e-01   8.0727247e-01  -1.0945130e-01   7.1801297e-02  -2.2233362e-01   3.6873020e-02  -1.9753859e-01   2.2156189e-01  -3.3330566e-02
   8.9366125e-02   2.1751874e-01   9.0149519e-01  -9.0325283e-02   5.6385793e-02  -1.9006365e-01   5.5246632e-03  -4.4261529e-01   5.6107835e-02  -3.2091495e-02
   7.6775886e-02   1.9045588e-01   7.9368120e-01  -8.2353249e-02   5.0724713e-02  -1.8056777e-01   2.9195673e-02  -4.5830636e-01   1.3580130e-01  -3.2088877e-02
   8.3516341e-02   2.5869813e-01   8.5197581e-01  -9.9214524e-02   8.7415225e-02  -1.8821549e-01   1.1505995e-02  -2.8973304e-01   6.2887421e-02  -1.7801381e-02
   1.0200256e-01   3.0923067e-01   8.6078046e-01  -1.1359200e-01   1.0035345e-01  -2.1377396e-01   3.7155319e-02  -2.1578910e-01   1.5301503e-01  -2.0494366e-02
   7.4704039e-02   2.1057394e-01   7.8441478e-01  -1.0740612e-01   6.6494614e-02  -2.0492362e-01   1.8342507e-02  -2.9251933e-01   8.5751143e-02  -2.4103896e-02
   7.9009895e-02   2.2007502e-01   7.4961907e-01  -1.0700236e-01   6.6166116e-02  -2.2086031e-01   3.5506208e-02  -2.3988567e-01   1.2065222e-01  -3.3586464e-02
   3.2241585e-02   7.3967363e-02   5.0185235e-01  -3.2389800e-02   1.8189354e-02  -5.7365196e-02  -2.9928499e-03  -1.6919272e-01   2.2650500e-02  -6.7871974e-03
   9.3437467e-02   2.5260657e-01   8.2612107e-01  -1.0112306e-01   7.1591858e-02  -2.3091624e-01   1.4024081e-02  -6.5715976e-02   7.8848238e-02  -4.3919577e-02
   9.0554259e-02   2.3689696e-01   9.0008394e-01  -9.4361776e-02   6.5690361e-02  -2.1899229e-01   1.1157667e-02  -3.0198335e-01  -1.0485515e-02  -4.2425531e-02
   7.9211919e-02   2.2956608e-01   8.1128883e-01  -1.1681186e-01   7.0358868e-02  -2.4865105e-01   2.0774849e-02  -2.0801001e-01   6.6845131e-02  -4.1284800e-02
   8.9844045e-02   2.4705095e-01   7.1079694e-01  -9.5632877e-02   7.0606650e-02  -2.2370489e-01   1.4356327e-02  -1.0872978e-01   7.6361717e-02  -4.3875537e-02
   8.4741931e-02   2.2925474e-01   1.0164516e+00  -9.7545668e-02   6.8563144e-02  -1.8648172e-01   2.0081995e-02  -3.3763541e-01   1.6344514e-01  -2.2327948e-02
   1.0682481e-01   2.8254104e-01   1.1128517e+00  -1.2410955e-01   7.8981860e-02  -2.6361148e-01   3.0315556e-02  -3.9400820e-01   1.1186778e-01  -4.4651271e-02
   9.4788337e-02   2.7526640e-01   9.0018431e-01  -9.1424540e-02   8.6489647e-02  -1.8277323e-01   1.7542458e-02  -3.0502869e-01   3.3235199e-02  -2.1823967e-02
   7.8427039e-02   2.2231825e-01   8.0341773e-01  -1.0072347e-01   6.8159621e-02  -2.0298929e-01   1.0156698e-02  -1.0026723e-01   4.5073463e-02  -2.9156639e-02
   8.9618979e-02   2.4346382e-01   8.3030542e-01  -9.4723757e-02   7.0169784e-02  -2.1047640e-01   3.5075784e-02  -3.5836033e-01   1.3028466e-01  -3.7187027e-02
   8.2312594e-02   2.1439089e-01   8.3925611e-01  -1.0596173e-01   6.0118214e-02  -2.2440821e-01   2.7114115e-02  -3.5606671e-01   7.8233082e-02  -3.7702134e-02
   8.2773739e-02   2.3354586e-01   6.2727505e-01  -8.0508858e-02   7.0736752e-02  -1.5706584e-01   1.2245729e-02  -4.8767594e-02   2.1479937e-02  -1.8230031e-02
   3.0606367e-02   8.7054968e-02   4.3811668e-01  -3.4089469e-02   2.6490073e-02  -5.8925151e-02  -3.4159989e-03  -4.8336198e-02  -2.3135448e-03  -5.3654360e-03
   7.3946308e-02   2.2412702e-01   6.7824823e-01  -1.0804462e-01   7.3270044e-02  -2.0981320e-01   2.3900670e-02  -2.9310432e-01   2.0651910e-01  -2.6116613e-02
   9.9506477e-02   2.6498145e-01   9.5284570e-01  -7.9792542e-02   7.4804845e-02  -1.8647806e-01   2.1698193e-02  -3.4332757e-01   2.8138776e-02  -3.3897617e-02
   9.1056449e-02   2.5726878e-01   8.9618417e-01  -9.8619314e-02   7.7693326e-02  -1.9542606e-01   2.7769544e-02  -2.4969416e-01   1.0689608e-01  -2.6407654e-02
   8.0570555e-02   2.3115723e-01   7.5636203e-01  -1.0964328e-01   7.2305639e-02  -2.1631336e-01   3.7701509e-02  -2.9797987e-01   1.9123656e-01  -2.8122881e-02
   8.8631573e-02   2.3525026e-01   7.9463488e-01  -1.0688149e-01   6.5913055e-02  -2.3827231e-01   3.3117889e-02  -3.0377292e-01   1.1637241e-01  -4.3614815e-02
   7.9451511e-02   2.3214842e-01   8.4120989e-01  -9.3944712e-02   7.4298897e-02  -1.8278327e-01   2.1796092e-02  -2.8676226e-01   6.3251075e-02  -2.1147968e-02
   1.0633297e-01   2.7423435e-01   8.9946441e-01  -1.0901321e-01   7.2583119e-02  -2.4078132e-01   2.4599030e-02  -2.7606170e-01   1.1442883e-01  -4.5249952e-02
   2.6355266e-02   7.3967085e-02   2.6880741e-01  -4.4754612e-02   2.2138883e-02  -8.5150582e-02  -2.3122915e-02  -2.1552180e-02  -6.5642710e-02  -1.2142101e-02
   4.4400353e-02   1.0907407e-01   6.2489813e-01  -5.7636676e-02   2.8266111e-02  -1.0381223e-01  -4.9558416e-02  -2.7299223e-01  -1.0523474e-01  -1.4445707e-02
   9.6931866e-02   2.7487574e-01   9.9305827e-01  -1.0064962e-01   8.3554426e-02  -2.1499447e-01   2.7601707e-02  -4.8485911e-01   4.7205748e-02  -3.2641314e-02
   8.8819592e-02   2.3436260e-01   8.6498735e-01  -9.4168648e-02   6.5255364e-02  -2.1175804e-01   2.0196168e-02  -5.5953527e-01   1.1181762e-01  -3.9643772e-02
   9.1466639e-02   2.5018849e-01   9.3464680e-01  -1.0053614e-01   7.3489020e-02  -1.9946392e-01   9.0625933e-03  -3.6781817e-01   4.1683492e-03  -2.7551272e-02
   8.1764844e-02   2.1462526e-01   7.6000399e-01  -8.8666422e-02   6.0517160e-02  -1.7870291e-01   1.2341025e-02  -2.1173977e-01   4.1217362e-02  -2.7127413e-02
   8.6958741e-02   2.3858752e-01   9.2967048e-01  -9.1505778e-02   7.0656115e-02  -1.7129370e-01   2.5254390e-02  -3.7295584e-01   2.0012642e-01  -1.9255422e-02
   7.6573247e-02   1.9642273e-01   7.7767211e-01  -9.3232182e-02   5.3536252e-02  -1.9078222e-01   1.5068879e-02  -2.2373418e-01   1.1907284e-01  -3.0813373e-02
   7.4080705e-02   1.9330970e-01   8.0746769e-01  -8.8786602e-02   5.4357349e-02  -1.8591611e-01  -5.9192893e-04  -3.7729681e-01  -5.2753686e-02  -3.0797055e-02
   7.3055793e-02   2.0808668e-01   7.1893843e-01  -9.8027131e-02   6.2667437e-02  -2.0423466e-01  -3.0495603e-04  -3.0110888e-01   1.7565919e-02  -3.2917394e-02
   5.4462993e-02   1.5425787e-01   7.0451391e-01  -8.4663406e-02   4.8481216e-02  -1.6619200e-01   1.5631825e-02  -2.3969343e-01   9.0671651e-02  -2.2431591e-02
   7.0397552e-02   2.0017671e-01   6.0889104e-01  -6.5880144e-02   6.0878102e-02  -1.2655927e-01   5.1087040e-03  -1.9521406e-01   6.6805524e-02  -1.4612214e-02
   7.4092033e-02   2.0356458e-01   8.3001691e-01  -7.5240654e-02   6.2276448e-02  -1.4486128e-01   1.6277388e-02  -2.6299236e-01   1.2279773e-01  -1.6057988e-02
   9.2435669e-02   2.4315990e-01   8.5118614e-01  -7.6947455e-02   6.7932074e-02  -1.4521347e-01   5.2668883e-04  -2.3495946e-01  -3.2420969e-02  -1.7315865e-02
   8.4476967e-02   2.4175335e-01   8.3360997e-01  -1.0327460e-01   7.3359314e-02  -2.2819653e-01   5.9601131e-02  -3.8738471e-01   2.2923152e-01  -3.8605990e-02
   8.0875708e-02   2.3879878e-01   7.5209464e-01  -1.2000423e-01   7.4051296e-02  -2.6445461e-01   3.3482899e-02  -2.4003736e-01   1.3189176e-01  -4.6714892e-02
   9.5875863e-02   2.3606598e-01   7.9065049e-01  -4.6913394e-02   5.9736773e-02  -1.0698669e-01  -1.9833603e-02  -3.0125110e-01  -1.1175760e-01  -1.9345474e-02
   3.4684178e-02   9.7297170e-02   3.9595561e-01  -3.5187718e-02   2.8901359e-02  -7.6923533e-02  -1.5802811e-02  -3.0529275e-02  -8.9195484e-02  -1.2854952e-02
   4.3744177e-02   1.1166481e-01   4.2075008e-01  -3.7762499e-02   2.9013150e-02  -8.2525759e-02  -3.9510557e-02  -5.7218424e-02  -1.1702044e-01  -1.5856579e-02
   9.4628205e-02   2.5173224e-01   8.8946313e-01  -9.2951967e-02   7.0437340e-02  -2.0042937e-01   1.9573834e-02  -2.8766575e-01   8.0283550e-02  -3.3779416e-02
   8.5119985e-02   2.3794760e-01   8.7522179e-01  -9.3842462e-02   6.8685140e-02  -2.2310380e-01   1.0606311e-02  -7.0017107e-02  -2.6305612e-02  -4.4770359e-02
   5.6508228e-02   1.3995494e-01   8.2161759e-01  -4.3840967e-02   3.8300470e-02  -8.8286755e-02  -1.0635220e-02  -8.8046772e-02  -3.6034186e-02  -1.2647153e-02
   4.1788076e-02   1.1534259e-01   5.6595938e-01  -5.7088510e-02   3.4198069e-02  -1.0883977e-01   7.2729457e-03  -6.1361107e-02   7.4571660e-02  -1.5013165e-02
   8.7590578e-02   2.3750601e-01   7.9447475e-01  -1.0645666e-01   6.8526053e-02  -2.2567323e-01   1.4796071e-02  -2.6171589e-01   4.5252840e-02  -3.7815441e-02
   8.7555916e-02   2.3798709e-01   8.8973609e-01  -1.0457966e-01   6.7979264e-02  -2.3016765e-01   4.1648264e-02  -3.8301937e-01   1.9776529e-01  -4.1319264e-02
   9.2146517e-02   2.3868709e-01   8.8730993e-01  -1.1817945e-01   6.5005523e-02  -2.4037016e-01   2.4984907e-02  -3.3423275e-01   1.4074435e-01  -3.9154879e-02
   8.8831322e-02   2.3811930e-01   8.2125299e-01  -1.1206641e-01   6.6887553e-02  -2.5014729e-01   2.9130065e-02  -3.6738408e-01   1.3765814e-01  -4.6664227e-02
   9.6866180e-02   2.8179751e-01   8.2711307e-01  -8.5244479e-02   8.8820530e-02  -1.6345765e-01   2.4064616e-02  -4.1695810e-01   1.5920189e-01  -1.5843660e-02
   7.7059007e-02   1.9199003e-01   6.6941176e-01  -6.3613990e-02   4.9752541e-02  -1.2448209e-01  -1.9615975e-02  -2.5392962e-01  -2.5407686e-02  -1.8747619e-02
   1.0531719e-02   5.6868295e-02   1.7929398e-01  -5.6319253e-02   2.4128310e-02  -1.0707494e-01  -2.5367781e-02   2.1069413e-01  -2.3093709e-02  -1.5939802e-02
   8.4692122e-02   2.2551945e-01   9.3348012e-01  -9.9744193e-02   6.3638729e-02  -2.2651930e-01   5.0944397e-02  -3.1964755e-01   1.5055889e-01  -4.2331342e-02
   8.1142009e-02   2.1912043e-01   6.8943756e-01  -9.0578854e-02   6.2103382e-02  -1.9079895e-01   1.7512900e-02  -1.3498741e-01   7.9661451e-02  -3.1895697e-02
   9.9754364e-02   2.6307690e-01   1.0862704e+00  -1.0826710e-01   7.2140689e-02  -2.2647214e-01   2.1764601e-02  -4.5223495e-01   9.7853244e-02  -3.8392319e-02
   7.3910633e-02   2.1147223e-01   7.6129509e-01  -9.8950599e-02   6.4877559e-02  -2.0334763e-01   3.5056520e-02  -1.7957877e-01   1.5609182e-01  -3.0936995e-02
   7.8397879e-02   2.1429468e-01   7.5287319e-01  -7.3696767e-02   6.4052443e-02  -1.4525612e-01   1.1455884e-02  -2.1637487e-01   6.7255544e-02  -1.7709112e-02
   6.8306668e-02   1.8764079e-01   7.2922540e-01  -7.2235856e-02   5.5759351e-02  -1.4060540e-01   8.2864272e-03  -3.1782501e-01   6.3354507e-02  -1.7260216e-02
   6.5929169e-02   1.8532417e-01   7.5006797e-01  -7.3693688e-02   5.6127224e-02  -1.5563387e-01   2.2069724e-02  -2.2377702e-01   1.1131744e-01  -2.4256717e-02
   8.4986367e-02   2.1228250e-01   9.4470542e-01  -7.3374534e-02   5.8343949e-02  -1.3767841e-01  -2.9099001e-02  -2.2918776e-01  -1.3518536e-01  -1.6449059e-02
   7.9579457e-02   2.1402646e-01   9.5073989e-01  -9.3358882e-02   6.1223920e-02  -2.0167296e-01  -2.9006225e-02  -2.8968429e-01  -1.7243191e-01  -3.5748091e-02
   9.6022550e-02   2.6310817e-01   8.9487922e-01  -8.7154764e-02   7.8471885e-02  -1.7283791e-01   1.4402724e-02  -2.2507156e-01   1.0513833e-01  -2.1156512e-02
   1.0711758e-01   2.8932311e-01   9.8553927e-01  -1.0302927e-01   8.4326019e-02  -1.9728712e-01  -7.5051588e-03  -2.9031512e-01  -4.5600510e-03  -2.3696783e-02
   4.9977535e-02   1.2827954e-01   6.0026908e-01  -4.2425373e-02   3.6212647e-02  -7.9089997e-02  -6.5675289e-03  -1.5406497e-01  -1.5987864e-02  -8.3325216e-03
   1.5143230e-02   4.8278487e-02   3.2503468e-01  -4.0747616e-02   1.6380566e-02  -8.2621274e-02  -1.9322953e-02  -3.4816128e-02  -6.1574252e-02  -1.3877124e-02
   9.8544310e-02   2.4844283e-01   1.0178709e+00  -1.0950756e-01   6.5834773e-02  -2.3527728e-01   9.2803380e-03  -3.1848991e-01   4.0522303e-03  -4.0993664e-02
   7.7487183e-02   2.2019619e-01   7.6888478e-01  -9.4150100e-02   6.7549154e-02  -1.9145018e-01   1.4311361e-02  -1.7224754e-01   5.7368212e-02  -2.6971870e-02
   7.5580931e-02   2.3324063e-01   7.2630322e-01  -1.1574773e-01   7.7440197e-02  -2.1983969e-01   3.0960675e-02  -1.8647664e-01   1.9569272e-01  -2.5626653e-02
   1.3007529e-02   7.8783739e-02   3.1231613e-01  -6.7453321e-02   3.4518480e-02  -1.5571081e-01   3.9749114e-02  -3.5725973e-02   2.6743786e-02  -2.8371496e-02
   9.1204261e-02   1.9913624e-01   8.4442097e-01  -8.3461094e-02   4.3193357e-02  -1.6056021e-01  -1.1397050e-03  -2.5760837e-01   8.8027244e-02  -2.5392121e-02
   4.9985608e-02   1.3388731e-01   2.4891168e-01  -2.5187639e-02   3.5464350e-02  -6.6872369e-02  -5.0094518e-02  -1.0473953e-01  -2.3282381e-01  -1.5641597e-02
   8.4951562e-02   2.1283710e-01   7.0762624e-01  -1.0477609e-01   5.5731603e-02  -2.2124377e-01   2.0078953e-02  -1.7430709e-01   7.2809309e-02  -3.8658554e-02
   7.9834748e-02   2.0489563e-01   7.5211789e-01  -7.9687758e-02   5.7001370e-02  -1.4920084e-01   2.7873301e-03  -1.9241056e-01   5.6879817e-02  -1.7407366e-02
   6.5191895e-02   1.4398299e-01   7.3272220e-01  -6.0606995e-02   3.3251202e-02  -1.2350629e-01  -3.8067485e-03  -3.2303591e-01   8.4565909e-03  -2.1059714e-02
   5.2516246e-02   1.2288920e-01   5.9193647e-01  -5.2149095e-02   3.1180416e-02  -8.9102179e-02  -1.0979667e-02  -2.6119216e-01  -3.4210649e-02  -8.6292455e-03
   7.1581860e-02   2.1272876e-01   6.9563354e-01  -9.3042286e-02   6.5522046e-02  -1.9045240e-01   4.3523535e-02  -2.4049865e-01   2.0018645e-01  -2.9108086e-02
   7.6004760e-02   1.9893631e-01   7.9600564e-01  -8.6916756e-02   5.5201600e-02  -1.9837860e-01   3.1401519e-02  -3.1711163e-01   1.1775552e-01  -3.7419421e-02
   8.3509058e-02   2.0115038e-01   9.6437320e-01  -1.0281261e-01   5.2314629e-02  -2.1714069e-01   1.7332739e-02  -2.7582949e-01   6.3768672e-02  -3.7733733e-02
   8.2434012e-02   2.3315555e-01   8.7192931e-01  -9.7179675e-02   7.3149625e-02  -1.8223456e-01   1.9806910e-02  -2.1559171e-01   6.7423596e-02  -1.8892957e-02
   7.1064255e-02   1.9429987e-01   9.0760430e-01  -9.4559038e-02   5.9746773e-02  -1.5988951e-01   1.3103569e-02  -2.8467747e-01   6.2502172e-02  -1.2586961e-02
   7.3966072e-02   2.0513510e-01   7.7751771e-01  -9.9894781e-02   6.3081271e-02  -1.9412603e-01   5.4092979e-03  -1.6282559e-01  -3.9434036e-02  -2.4476174e-02
   7.3567984e-02   1.8987158e-01   6.6290128e-01  -9.0788187e-02   5.1646153e-02  -1.8530944e-01   2.8061713e-02  -1.8695427e-02   1.1771005e-01  -3.0045214e-02
   9.1349256e-02   2.6520459e-01   9.0160224e-01  -9.8546987e-02   8.3516612e-02  -1.8884542e-01   2.3784536e-02   1.5800329e-02   1.1595895e-01  -2.0664866e-02
   8.3113081e-02   2.4018595e-01   9.0285129e-01  -1.0676648e-01   7.7444847e-02  -1.8869305e-01   1.2655605e-02  -2.3896516e-01   7.1679946e-02  -1.5191108e-02
   7.4275322e-02   1.9363981e-01   7.2884339e-01  -5.3915868e-02   5.3100949e-02  -1.2390434e-01   2.8458637e-02  -4.7697719e-01   7.7966705e-02  -2.2825896e-02
   6.0930795e-02   1.5838467e-01   8.0593165e-01  -6.0497906e-02   4.5111834e-02  -1.2204020e-01   9.6264061e-03  -3.9453741e-01   9.7741274e-02  -1.7501532e-02
   7.9727028e-02   2.1011876e-01   8.5851050e-01  -8.4865860e-02   6.0331229e-02  -1.6514914e-01   1.2551529e-02  -2.6650984e-01   1.0149563e-01  -2.1663294e-02
   7.0346955e-02   1.7354115e-01   7.9988703e-01  -8.9590510e-02   4.6840804e-02  -1.8509933e-01   8.8900096e-03  -2.8284546e-01  -2.8579097e-03  -2.9834158e-02
   6.3881498e-02   1.5196277e-01   6.9100302e-01  -5.7243490e-02   3.8709862e-02  -1.1002585e-01   9.1067217e-04  -1.6472326e-01  -1.1014715e-02  -1.4960706e-02
   4.8139792e-02   1.2889548e-01   5.2843243e-01  -3.8878731e-02   3.8507426e-02  -7.4060443e-02   1.0304215e-02  -1.3363658e-01   2.7547971e-02  -7.2679979e-03
   3.1839416e-02   8.5441556e-02   4.7311361e-01  -3.3312145e-02   2.4766621e-02  -8.1452886e-02  -1.0660328e-02  -5.8482093e-02  -3.9668390e-02  -1.7043633e-02
   6.6796886e-02   1.8841579e-01   6.7768367e-01  -7.4573946e-02   5.9235750e-02  -1.3847103e-01   1.5662235e-02  -5.8672564e-02   9.5047396e-02  -1.2386064e-02
   3.6867311e-02   1.0390751e-01   5.4268321e-01  -3.0384699e-02   3.1520765e-02  -5.3074284e-02  -2.1385926e-02  -1.4172856e-01  -3.9981019e-02  -5.0983994e-03
   7.0875907e-02   2.4275235e-01   6.0613183e-01  -1.1192511e-01   8.5778229e-02  -2.2208404e-01   2.9543528e-02  -2.3099749e-01   9.3090186e-02  -2.6763207e-02
   9.1561955e-02   2.5088283e-01   8.9021399e-01  -9.7020470e-02   7.3442305e-02  -2.0549858e-01   3.4568421e-02  -3.1083559e-01   1.0658257e-01  -3.2457441e-02
   7.8636650e-02   2.1563738e-01   8.3177046e-01  -8.5436695e-02   6.3530537e-02  -1.6970843e-01   9.5279616e-03  -2.9277020e-01   7.0487304e-02  -2.3780957e-02
   5.3117670e-02   1.6288229e-01   6.7823702e-01  -8.1906443e-02   5.3418196e-02  -1.5295149e-01   1.6496510e-02  -3.0506618e-01   9.7308837e-02  -1.8046404e-02
   1.0202316e-01   2.7341925e-01   1.1851168e+00  -1.0044322e-01   7.6791754e-02  -2.2631757e-01   1.2129835e-05  -3.7326474e-01  -1.3422445e-01  -4.2269968e-02
   5.4173840e-02   1.7010830e-01   7.9934838e-01  -8.9243090e-02   6.0123022e-02  -1.7128568e-01   4.1519457e-02  -1.2132297e-01   2.2647549e-01  -1.7673716e-02
   7.8137666e-02   2.2098147e-01   7.8512835e-01  -7.9027579e-02   6.6151967e-02  -1.5970926e-01  -5.1382756e-03  -1.8234107e-01   2.3840913e-02  -2.3348376e-02
   9.1202425e-02   2.6352918e-01   8.7056942e-01  -1.0765336e-01   8.2552358e-02  -1.9697521e-01   2.6092817e-02  -1.9392304e-01   5.0078234e-02  -1.9661550e-02
   8.1719386e-02   2.1128682e-01   9.4557532e-01  -7.8818617e-02   6.1346991e-02  -1.4124705e-01  -3.5833373e-03  -1.8677379e-01  -2.1380644e-03  -1.2598581e-02
   4.1271947e-02   1.3154398e-01   3.5854712e-01  -3.2516059e-02   4.0273290e-02  -7.4698809e-02  -3.2749109e-02   9.0176868e-02  -2.0980164e-01  -1.4467761e-02
   2.4943166e-02   9.2615887e-02   2.9877012e-01  -4.3399388e-02   3.4055103e-02  -9.0881216e-02  -1.4156501e-02  -5.4059375e-02  -8.9350758e-02  -1.3665048e-02
   5.3890764e-02   1.5168551e-01   3.5016087e-01  -1.7907166e-02   4.2591242e-02  -6.6710645e-02  -8.6611494e-03   4.0220514e-02  -2.7848253e-01  -1.8734539e-02
   6.7928780e-02   1.8965618e-01   7.7648102e-01  -1.0862788e-01   5.8278872e-02  -2.2491493e-01   3.5571572e-02  -1.3312775e-01   1.5051123e-01  -3.5198105e-02
   8.3057232e-02   2.3734307e-01   9.5465148e-01  -9.8591961e-02   7.4039939e-02  -1.9589666e-01   6.5280036e-02  -1.3068594e-01   3.9747828e-01  -2.5573966e-02
   5.3960945e-02   1.6743239e-01   7.2117259e-01  -1.0238894e-01   5.8312739e-02  -1.8746509e-01   2.3196106e-02  -3.5807260e-01   9.8830974e-02  -1.9026458e-02
   9.3312925e-02   2.5161751e-01   7.9389743e-01  -9.4274447e-02   7.0265801e-02  -2.1637917e-01   2.8169230e-02  -3.5920813e-01   9.7556708e-02  -4.1445077e-02
   3.6364800e-02   1.0204812e-01   2.8993397e-01  -2.5895549e-02   2.9348259e-02  -4.8220291e-02  -4.5281128e-02  -4.4264458e-02  -2.1626854e-01  -5.8107088e-03
   1.0504375e-01   2.7790119e-01   8.4014836e-01  -1.1837826e-01   7.6668214e-02  -2.6707126e-01   2.7792601e-02  -2.7491552e-01   5.5689074e-02  -5.0254053e-02
   8.2366064e-02   2.1838396e-01   8.6262192e-01  -9.4805005e-02   6.3635555e-02  -1.7604148e-01   5.2649051e-03  -3.6439501e-01   3.9087408e-02  -1.9650581e-02
   8.5500594e-02   2.2502543e-01   8.2219098e-01  -8.5901595e-02   6.1088328e-02  -1.9581625e-01   1.4608159e-02  -3.1752340e-01   2.3944437e-04  -3.8344191e-02
   8.5817272e-02   2.2757977e-01   7.4968824e-01  -9.4286073e-02   6.2685974e-02  -2.1102017e-01   2.6371149e-02  -1.9222003e-01   1.4273733e-01  -3.9843159e-02
   7.3181525e-02   1.9498457e-01   7.4836668e-01  -7.9976874e-02   5.5032781e-02  -1.6995255e-01   2.1060329e-02   3.0240518e-02   5.9108302e-02  -2.8748125e-02
   9.6115569e-02   2.6327407e-01   9.8017634e-01  -1.3193960e-01   7.6553231e-02  -2.6279971e-01   5.1441778e-03  -3.3674376e-01   4.3382449e-02  -4.0555392e-02
   7.2415817e-02   2.0897737e-01   7.8859033e-01  -9.0193756e-02   6.6269315e-02  -1.5919686e-01   2.1085058e-02  -3.3094441e-01   9.7367219e-02  -1.3100576e-02
   5.9116271e-02   1.8915269e-01   6.5627846e-01  -8.6580863e-02   6.5314516e-02  -1.5956288e-01   1.2353524e-02  -2.0430575e-01   5.6192070e-02  -1.5221493e-02
   7.5959873e-02   2.0339751e-01   8.1361550e-01  -1.0057750e-01   5.7882628e-02  -2.1575754e-01   1.9015768e-02  -3.4593278e-01   8.4056290e-02  -3.7373502e-02
   7.5965650e-02   2.0338784e-01   8.0881168e-01  -8.1612051e-02   6.0687680e-02  -1.4392096e-01   7.3037049e-03  -2.1254855e-01   2.8261374e-02  -1.2123396e-02
   8.8285447e-02   2.3884093e-01   9.9393906e-01  -1.0048836e-01   6.8492924e-02  -2.1183899e-01   1.9973838e-02  -3.3791954e-01   3.3241152e-02  -3.5369313e-02
   1.1482186e-02   4.2905560e-02   2.0343030e-01  -3.3312451e-02   1.5837650e-02  -5.5028728e-02  -4.5953494e-02  -3.3967119e-03  -1.4719382e-01  -5.3281288e-03
   9.5026399e-02   2.3967865e-01   9.9996815e-01  -9.5503025e-02   6.4897714e-02  -2.0268884e-01   1.8687159e-02  -2.7318660e-01   1.3099443e-01  -3.4208321e-02
   9.1122926e-02   2.0637941e-01   1.0095940e+00  -8.7731617e-02   5.0367493e-02  -1.7069823e-01   7.8340491e-04  -3.1447233e-01  -1.8877806e-02  -2.5258130e-02
   1.2868472e-01   3.7286154e-01   1.0003383e+00  -1.1468121e-01   1.1288225e-01  -2.3818541e-01   2.5990070e-02  -2.8919586e-01   5.3117138e-02  -3.3755633e-02
   1.1040066e-01   2.6982243e-01   9.5850401e-01  -5.7100474e-02   6.7262046e-02  -1.5690384e-01   2.1192318e-02  -5.0312682e-01  -1.4172214e-03  -3.5889828e-02
   6.8316752e-02   2.1034689e-01   8.1360531e-01  -1.1927684e-01   7.1788960e-02  -2.1811694e-01   1.9463577e-02  -1.6842563e-01   6.0852233e-02  -2.1858855e-02
   2.1048952e-02   6.3865086e-02   1.1610016e-01  -5.0595451e-02   1.9192045e-02  -9.7209319e-02   2.5215021e-03  -1.5413034e-02  -8.0370365e-03  -1.5335825e-02
   3.1401619e-02   6.6626181e-02   4.7350724e-01  -3.9348430e-02   1.6056223e-02  -6.0845488e-02  -3.3309771e-02  -1.3185914e-01  -5.9916637e-02  -4.8032532e-03
   1.0097995e-01   2.9359971e-01   1.0596065e+00  -1.2153743e-01   9.0590966e-02  -2.5692970e-01   2.6703105e-02  -3.5232402e-01   1.0392243e-01  -3.9359880e-02
   7.9553617e-02   2.4064772e-01   8.0838943e-01  -9.5480260e-02   7.7810230e-02  -1.8636291e-01   3.0681957e-02  -3.3263761e-01   1.1707383e-01  -2.1516877e-02
   7.9826874e-02   2.2053263e-01   7.6793226e-01  -9.4741204e-02   6.4766965e-02  -1.9404372e-01   3.4312126e-02   1.6766197e-02   1.5195442e-01  -2.8643007e-02
   8.5057054e-02   2.3882386e-01   7.1275688e-01  -1.0209200e-01   7.0166318e-02  -2.2635434e-01   5.2729092e-02  -2.4181221e-01   2.6877123e-01  -4.0083628e-02
   8.2134661e-02   2.3582833e-01   9.6969860e-01  -8.8151536e-02   7.4896554e-02  -1.6446163e-01   1.6078680e-02  -1.6711948e-01   3.1830153e-02  -1.5720030e-02
   7.2036676e-02   2.1701017e-01   7.1600090e-01  -9.4620002e-02   7.1737098e-02  -1.8599949e-01   3.9047121e-02  -3.2788886e-01   1.0381528e-01  -2.1210502e-02
   7.4393537e-02   2.2136406e-01   7.6568183e-01  -9.2133566e-02   7.1206934e-02  -1.7463729e-01   1.6608465e-02  -1.2072517e-01   6.3383185e-02  -1.9007443e-02
   6.4319496e-02   1.9181257e-01   6.4479799e-01  -8.3670013e-02   6.1122931e-02  -1.7449270e-01   3.5754423e-02  -4.3018686e-02   1.8409590e-01  -2.6045864e-02
   7.2802162e-02   2.0600926e-01   7.5377741e-01  -8.9523334e-02   6.2932062e-02  -1.7867682e-01   1.8640084e-02  -2.3091571e-01   4.8615349e-02  -2.4911159e-02
   9.3315963e-02   2.5244596e-01   8.6540688e-01  -1.0675649e-01   7.3911224e-02  -2.2173870e-01   1.9918218e-02  -3.2225734e-01   7.7997580e-02  -3.4259095e-02
   7.6157947e-02   2.2091578e-01   7.6205228e-01  -1.0999794e-01   6.7031410e-02  -2.3449892e-01   2.2429190e-02  -3.8959598e-01   1.3695837e-01  -3.9574104e-02
   8.8520674e-02   2.5607001e-01   8.5597641e-01  -9.9338977e-02   7.6466472e-02  -2.2123702e-01   3.7641274e-02  -2.8591074e-01   1.4246499e-01  -4.0141744e-02
   2.1391520e-02   5.6240682e-02   5.1827750e-01  -3.5489050e-02   1.7505366e-02  -6.9994181e-02  -1.7220636e-03  -1.7393163e-01  -1.7437987e-02  -1.0303032e-02
   4.5893429e-02   1.1800458e-01   5.7044038e-01  -3.9037380e-02   3.2342962e-02  -7.1942525e-02  -9.0125090e-03  -1.4899530e-01  -1.0175117e-01  -8.5503146e-03
   1.0056244e-01   2.7452821e-01   9.2265001e-01  -1.0299279e-01   7.9524869e-02  -2.2769125e-01   3.9623321e-02  -3.0855051e-01   1.5614634e-01  -3.9062753e-02
   8.2199862e-02   2.2968797e-01   8.5641347e-01  -1.0408216e-01   7.1108571e-02  -2.1055329e-01   3.4910562e-02  -2.1586201e-01   1.1086172e-01  -2.8535090e-02
   8.1321790e-02   2.2374739e-01   7.4885908e-01  -8.1679784e-02   6.6788681e-02  -1.6523030e-01   2.1765641e-02  -2.5601352e-01   7.0203142e-02  -2.1790091e-02
   8.0168586e-02   2.4127132e-01   7.0836341e-01  -8.9968168e-02   7.5244650e-02  -1.9517515e-01   4.3501060e-02  -2.6690043e-01   2.4166210e-01  -3.1870993e-02
   9.2518681e-02   2.4741270e-01   9.5913800e-01  -9.2337695e-02   7.3144090e-02  -1.7008942e-01   1.0260670e-02  -3.4063012e-01   3.5565644e-02  -1.6662338e-02
   7.5381095e-02   2.0170148e-01   8.4887080e-01  -1.0263053e-01   5.9122149e-02  -2.0613298e-01   1.1665249e-02  -2.3624545e-01   6.9192510e-02  -3.0966428e-02
   8.0894514e-02   2.1696035e-01   8.3311946e-01  -1.1618001e-01   6.2322670e-02  -2.4337638e-01   2.7192972e-02  -3.9726054e-01   1.3233429e-01  -4.0255042e-02
   6.9507492e-02   1.7825108e-01   8.2288703e-01  -5.8493158e-02   4.9809494e-02  -1.2075568e-01   3.7662177e-03  -3.4249621e-01   2.8910664e-02  -1.7354736e-02
   9.3345588e-02   2.3145151e-01   9.1355344e-01  -9.0649040e-02   6.0847107e-02  -1.8743738e-01   2.0830882e-02  -2.5970653e-01   1.2794716e-01  -3.0407644e-02
   8.9140190e-02   2.5311778e-01   8.8971196e-01  -1.0064291e-01   7.9670235e-02  -1.7986801e-01   2.8860964e-02  -1.7284671e-01   1.0266707e-01  -1.4870421e-02
   6.3983858e-02   1.8041525e-01   7.0957723e-01  -7.2993442e-02   5.5931363e-02  -1.4191479e-01   3.9546738e-03  -2.4725523e-01  -6.0239987e-03  -1.7431540e-02
   9.0841970e-02   2.4213822e-01   9.3861497e-01  -1.0288617e-01   6.9168154e-02  -2.0316314e-01   1.7309975e-02  -2.9364179e-01   7.4515238e-02  -2.9194479e-02
   1.6423043e-02   2.7288974e-02   2.4095232e-01  -2.5065752e-02   4.1636927e-03  -3.6698491e-02  -5.2916614e-02   8.6167823e-02  -1.9637968e-01  -3.4924875e-03
   8.0735966e-02   2.1526254e-01   8.2897817e-01  -9.1362232e-02   5.9902977e-02  -2.1171536e-01   2.1533551e-02  -4.8279355e-01   8.0777129e-02  -4.1908563e-02
   8.3829128e-02   2.4916584e-01   9.4582629e-01  -1.0491876e-01   8.0664381e-02  -2.1030570e-01   1.8490586e-02  -3.7854491e-01   1.2883273e-02  -2.7088660e-02
   8.7937463e-02   2.2956137e-01   9.4327546e-01  -8.9403293e-02   6.3696574e-02  -1.8108293e-01   1.7767130e-02  -4.0668535e-01   8.7495770e-02  -2.7970595e-02
   9.4670340e-02   2.4225788e-01   9.6772840e-01  -7.4160489e-02   6.6768511e-02  -1.4111219e-01  -2.1556732e-04  -4.8140988e-01  -3.9834303e-02  -1.6971907e-02
   1.1851383e-01   2.8666904e-01   1.2467478e+00  -6.2260196e-02   7.2468559e-02  -1.3712514e-01   1.9213559e-03  -4.9002581e-01  -8.5707658e-02  -2.3419413e-02
   9.1813503e-02   2.5126153e-01   8.6324134e-01  -1.0281727e-01   7.3341016e-02  -2.0583115e-01   2.9668821e-02  -2.9165631e-01   1.3432938e-01  -2.9067711e-02
   5.1805410e-02   1.1859807e-01   6.7547989e-01  -5.2569111e-02   2.8671194e-02  -1.0878457e-01  -1.9314656e-02  -2.8567878e-01  -1.2852746e-02  -1.9017295e-02
   3.7194276e-02   8.4440023e-02   4.7122780e-01  -2.9009581e-02   1.9559802e-02  -5.2405720e-02  -2.5234346e-02  -4.3067342e-01  -1.1300446e-01  -7.3544010e-03
   3.0330534e-02   9.4473075e-02   3.7810377e-01  -5.3113740e-02   3.1261537e-02  -1.0015718e-01  -6.3079638e-04  -8.6787217e-02   6.2955726e-02  -1.1965085e-02
   8.4245525e-02   2.1555352e-01   8.7952167e-01  -7.0822460e-02   6.0744402e-02  -1.2879513e-01  -3.3528551e-03  -2.5726514e-01   3.0411474e-02  -1.2485610e-02
   6.2103395e-02   1.9140849e-01   6.2415006e-01  -9.0245742e-02   6.4267327e-02  -1.6282024e-01   1.0954304e-02  -2.8916426e-01   1.0397025e-01  -1.4606791e-02
   6.4547868e-02   1.7305805e-01   7.5035545e-01  -7.9424409e-02   4.9928754e-02  -1.5387500e-01  -5.2336661e-03  -2.4504490e-01  -3.5994793e-02  -2.1538928e-02
   6.5561334e-02   1.7280459e-01   7.0585150e-01  -6.8802044e-02   4.9551461e-02  -1.3392272e-01  -6.8087940e-03  -5.1928982e-02   2.4784374e-02  -1.8080480e-02
   8.8473272e-02   2.1429994e-01   9.9726470e-01  -8.3561204e-02   5.3955618e-02  -1.7519703e-01  -1.3451920e-02  -2.8911785e-01  -1.4394637e-02  -3.0980556e-02
   8.4883779e-02   2.4469271e-01   8.3380611e-01  -9.6451970e-02   7.6017897e-02  -1.8043972e-01   2.7147046e-02  -2.1748893e-01   1.4343217e-01  -1.8666436e-02
   8.2246747e-02   2.3497825e-01   9.5045681e-01  -9.3097799e-02   7.5038940e-02  -1.8090027e-01   2.7394880e-02  -3.3075272e-01   1.2314166e-01  -1.9771534e-02
   8.9910826e-02   2.5992799e-01   8.4481740e-01  -1.0750202e-01   8.1430212e-02  -2.0567076e-01   1.3430360e-02  -2.6093053e-01   5.1805697e-02  -2.3981657e-02
   9.4466927e-02   2.5055387e-01   8.6100070e-01  -1.0646861e-01   6.9250331e-02  -2.4042460e-01   3.5051523e-02  -2.8267608e-01   1.5060373e-01  -4.5773399e-02
   4.2873469e-02   1.2179121e-01   4.4075253e-01  -4.8168728e-02   3.7032498e-02  -9.1352068e-02   8.4807153e-03  -1.9843121e-01   4.3645061e-02  -1.1022521e-02
   9.6713427e-02   2.5712596e-01   9.6881316e-01  -9.3231315e-02   7.5131285e-02  -1.8302194e-01   3.2259331e-02  -2.5433543e-01   7.9274630e-02  -2.1768821e-02
   5.7560498e-02   1.6388416e-01   6.2008878e-01  -7.5886739e-02   5.1380438e-02  -1.3917137e-01   5.6093443e-03  -1.1336437e-01   3.6840396e-03  -1.4754695e-02
   8.2232654e-02   2.0605100e-01   8.7898271e-01  -8.7752666e-02   5.5946396e-02  -1.6246586e-01   5.8722527e-03  -2.6560850e-01  -3.1411411e-02  -1.9383051e-02
   3.2690462e-02   7.7703331e-02   4.2359700e-01  -4.1360446e-02   2.0310377e-02  -6.8864095e-02  -3.9390152e-02  -2.0638613e-01  -1.6811501e-01  -6.3286463e-03
   9.4099340e-02   2.5579636e-01   8.6683493e-01  -9.3688551e-02   7.3077538e-02  -2.0444016e-01   1.3197464e-02  -2.5734402e-01   1.7598269e-02  -3.5482131e-02
   8.0099790e-02   2.2499468e-01   8.9069945e-01  -1.1540681e-01   6.7390424e-02  -2.3885208e-01   2.4308641e-02  -3.2413167e-01   1.0840844e-01  -3.8387609e-02
   8.5328818e-02   2.1622748e-01   8.5518639e-01  -9.5383121e-02   5.6779746e-02  -2.0331516e-01   1.2686754e-02  -3.3908115e-01   6.1133380e-02  -3.6853162e-02
   7.3675242e-02   2.1979837e-01   8.2919264e-01  -9.8624704e-02   7.1734185e-02  -1.9383468e-01   1.4699277e-02  -2.8074060e-01   5.0594948e-02  -2.3499752e-02
   9.0816141e-02   2.4691888e-01   7.9929486e-01  -8.7871184e-02   7.0574592e-02  -1.9053584e-01   2.6127526e-02  -2.6512990e-01   5.3325654e-02  -3.2093132e-02
   7.6080364e-02   2.1263307e-01   6.4692006e-01  -1.2144766e-01   6.2129758e-02  -2.4807831e-01   3.3341248e-02  -3.4290393e-01   1.8878439e-01  -4.0485898e-02
   3.5832121e-02   8.4352920e-02   3.4803050e-01  -2.9792837e-02   2.0062034e-02  -5.4300508e-02  -6.9489879e-02   5.7117758e-02  -3.0322472e-01  -8.8350192e-03
   5.7392133e-02   1.8696788e-01   7.8810670e-01  -1.0145445e-01   6.5657929e-02  -1.8306182e-01   2.9131449e-02  -9.0759814e-02   1.4387047e-01  -1.7715210e-02
   2.3690229e-02   4.8704531e-02   5.5421050e-01  -3.9705399e-02   1.2552527e-02  -7.5199571e-02   1.5324344e-03  -2.7383171e-01   2.5693502e-03  -9.7955617e-03
   8.9091078e-02   2.4421403e-01   8.1822451e-01  -9.3888385e-02   7.0182329e-02  -2.0457470e-01   2.8463298e-02  -2.9878325e-01   1.0268196e-01  -3.4000994e-02
   8.7868233e-02   2.3424631e-01   7.7391946e-01  -9.5447823e-02   6.7744157e-02  -1.8257369e-01   1.0171034e-02  -2.0941864e-01   4.2855487e-04  -2.2765833e-02
   8.6837794e-02   2.5231306e-01   1.0141236e+00  -9.7193507e-02   7.9220294e-02  -1.8604273e-01   1.5882604e-02  -3.7411227e-01   5.4092895e-02  -2.1284173e-02
   8.0592604e-02   2.4490057e-01   8.3069542e-01  -7.7937393e-02   7.8164099e-02  -1.5029679e-01   8.2305619e-03  -3.2699457e-01   6.5274992e-02  -1.6401852e-02
   8.2070247e-02   2.2297762e-01   8.6687132e-01  -8.6953474e-02   6.5707065e-02  -1.6252182e-01   1.8818621e-02  -3.0991373e-01   8.8819694e-02  -1.7925830e-02
   7.5513359e-02   2.1523060e-01   6.8472690e-01  -9.3785809e-02   6.7324493e-02  -1.7120691e-01   1.6833022e-02  -1.4299758e-01   4.9069335e-02  -1.6988263e-02
   7.7843982e-02   2.0875213e-01   8.6736499e-01  -7.9752163e-02   6.2492216e-02  -1.4221156e-01   1.0735056e-02  -3.9831134e-01   2.1867319e-02  -1.1834051e-02
   2.4450173e-02   7.0645447e-02   4.0799544e-01  -3.4081223e-02   2.2058657e-02  -5.8425882e-02  -3.9531390e-02  -7.1695472e-02  -2.3842876e-01  -5.5330038e-03
   2.3795369e-02   4.9335377e-02   4.2618646e-01  -4.6554342e-02   1.2381451e-02  -8.0911852e-02  -1.0316763e-02  -2.1123260e-02   3.0584220e-02  -9.4234560e-03
   8.3724086e-02   2.2268310e-01   8.1704508e-01  -9.6324577e-02   6.4791338e-02  -1.8797969e-01   2.1091392e-02  -2.1281586e-01   4.3062863e-02  -2.4014793e-02
   8.5935231e-02   2.2895745e-01   8.2449317e-01  -1.0082200e-01   6.3985157e-02  -2.1396911e-01   1.1680948e-02  -3.0987687e-01   1.1341659e-01  -3.7336041e-02
   9.8540313e-02   2.6526552e-01   1.0104524e+00  -1.0387489e-01   7.4624370e-02  -2.1179135e-01   1.5904006e-02  -3.7514589e-01   1.1946569e-01  -3.3480839e-02
   5.8859605e-03   7.2102793e-02   4.5423264e-04  -7.3440626e-02   3.8191064e-02  -1.3311671e-01   2.0803513e-02   2.6422796e-01   1.0920668e-01  -1.2649916e-02
   1.3562230e-01   3.5157391e-01   1.3632265e+00  -1.0504774e-01   9.6536180e-02  -2.3067256e-01   7.5445237e-03  -4.9413310e-01  -1.4449821e-01  -3.8228274e-02
   9.3188472e-02   2.3437063e-01   8.9394640e-01  -8.7305980e-02   6.2751505e-02  -1.8011514e-01   2.5288405e-04  -3.2086924e-01   2.0819846e-02  -2.8542967e-02
   7.8127885e-02   1.8026231e-01   7.8184741e-01  -7.9281893e-02   4.2904726e-02  -1.6103989e-01   1.0722425e-02  -2.3820127e-01   7.3881529e-02  -2.7666750e-02
   9.0178544e-02   2.3967365e-01   8.5753951e-01  -9.0303830e-02   6.7140783e-02  -1.8495307e-01   1.1367207e-02  -2.9820433e-01   1.1937579e-01  -2.9008730e-02
   7.9208114e-02   1.8919732e-01   9.5843467e-01  -9.5131394e-02   4.8460682e-02  -2.0106570e-01   1.6832106e-02  -2.1709263e-01   1.2350347e-01  -3.5818317e-02
   9.3658195e-02   2.3775101e-01   6.7913294e-01  -1.0284532e-01   6.2642397e-02  -2.1450388e-01   2.9339987e-02  -2.1454945e-01   1.5049130e-01  -3.5973171e-02
   8.2631170e-02   2.0206241e-01   8.2243100e-01  -8.9027014e-02   5.2785419e-02  -1.9519268e-01   1.0793023e-03  -2.0758701e-01  -3.3139433e-02  -3.6259052e-02
   6.1723116e-02   1.7463418e-01   7.1751208e-01  -7.3870323e-02   5.5696718e-02  -1.4349475e-01   1.2892594e-02  -2.9867911e-01   3.1582968e-02  -1.6746982e-02
   8.7767334e-02   2.4244807e-01   8.1159415e-01  -9.5775629e-02   7.1633749e-02  -2.0207659e-01   2.3770900e-02  -2.1025132e-01   8.1635586e-02  -3.1684512e-02
   6.9844107e-02   1.9095448e-01   7.5541511e-01  -8.3672106e-02   5.8107793e-02  -1.5069990e-01   1.8083963e-02  -1.9454408e-01   8.4826936e-02  -1.4538905e-02
   8.4686438e-02   2.1814709e-01   7.8316631e-01  -9.9521097e-02   5.7666946e-02  -2.1245714e-01   1.7306486e-02  -6.2067129e-03   7.9004203e-02  -3.8725709e-02
   8.7094724e-02   2.2707419e-01   8.3789489e-01  -9.9284876e-02   6.2064449e-02  -2.1822642e-01   2.5293384e-02  -1.8643557e-01   8.6924242e-02  -4.0298891e-02
   8.8535711e-02   2.2904527e-01   8.6801082e-01  -8.8913950e-02   6.2632139e-02  -1.8060897e-01   1.5060248e-02  -2.3499051e-02   1.9039124e-02  -2.8117347e-02
   8.4988745e-02   2.2926818e-01   8.8613431e-01  -8.6730609e-02   6.6624389e-02  -1.7732403e-01   1.5216039e-02  -3.8822803e-01   7.7665539e-02  -2.6689002e-02
   7.7787459e-02   1.9222607e-01   8.9164839e-01  -8.4383682e-02   4.9521006e-02  -1.6809611e-01   5.3228740e-04  -4.9895984e-01  -2.6035581e-02  -2.6609650e-02
   7.7549881e-02   2.0242920e-01   9.7386888e-01  -7.8522221e-02   5.6975833e-02  -1.5776909e-01   1.2813296e-02  -3.7053664e-01   3.6138941e-02  -2.3080138e-02
   8.0148774e-02   2.1188613e-01   9.7176617e-01  -9.8106169e-02   6.0561559e-02  -1.9952031e-01   9.0508892e-03  -2.2541066e-01   1.1428955e-01  -3.1296207e-02
   7.7144792e-02   2.0398535e-01   7.7214956e-01  -8.9812105e-02   5.7614664e-02  -1.8273206e-01   1.3003104e-02  -3.5827512e-01   7.4393496e-02  -2.8783395e-02
   7.8828253e-02   2.2921260e-01   8.4366161e-01  -9.2175077e-02   7.0167774e-02  -1.8200793e-01   1.9456472e-03  -4.0553552e-01   5.8568863e-02  -2.5777570e-02
   1.0264738e-01   2.8145127e-01   9.8796505e-01  -1.0114128e-01   8.3956528e-02  -1.8256609e-01   3.9765974e-03  -2.1300603e-01  -7.2025704e-03  -1.6952396e-02
   1.0593682e-01   2.8034465e-01   9.7710753e-01  -9.2950869e-02   8.1521244e-02  -1.7310260e-01   1.1451909e-02  -7.8583449e-02   4.6648615e-02  -1.6916716e-02
   6.5422697e-02   2.0016431e-01   7.5353643e-01  -8.0039010e-02   6.7371234e-02  -1.5369837e-01   6.5355026e-03  -1.1392610e-01   3.6467831e-02  -1.6137020e-02
   9.0433658e-02   2.6316600e-01   7.1036639e-01  -1.1763640e-01   8.0283329e-02  -2.5764539e-01   3.9569048e-02  -9.5847393e-02   1.6577569e-01  -4.4302239e-02
   8.3144905e-02   2.4258274e-01   7.3037367e-01  -1.0659709e-01   7.5212114e-02  -2.1052184e-01   3.7211493e-02  -3.7196846e-01   2.1052149e-01  -2.7558865e-02
   8.0934842e-02   2.2301783e-01   8.7805741e-01  -8.5536288e-02   6.7152500e-02  -1.7072763e-01   2.9131906e-02  -1.3324113e-01   9.6503594e-02  -2.2237425e-02
   8.6092451e-02   2.2836427e-01   8.7910051e-01  -9.3024187e-02   6.6041806e-02  -1.7663612e-01   2.0393859e-02   1.1140248e-01   1.4679162e-01  -2.1732696e-02
   5.8040179e-02   1.6893882e-01   5.5362728e-01  -7.1409048e-02   5.4083308e-02  -1.2660820e-01  -4.6424583e-04   1.0593171e-02   4.9029864e-02  -1.0538450e-02
   4.7321778e-02   1.2718009e-01   5.8981487e-01  -7.9954420e-02   3.5961499e-02  -1.5703070e-01  -1.2303432e-03  -2.1821706e-01   1.8119235e-02  -2.5114476e-02
   9.5995932e-02   2.5012055e-01   1.1574033e+00  -1.1638478e-01   7.1219847e-02  -2.2498973e-01  -1.9844064e-02  -4.0174031e-01  -2.9470710e-02  -3.1508843e-02
   2.3757082e-02   6.2023748e-02   2.6478163e-01  -2.6459115e-02   1.7617065e-02  -4.4887074e-02  -4.5137311e-02   9.7661454e-02  -2.2387776e-01  -3.8453882e-03
   7.0590007e-02   1.9646754e-01   7.6216813e-01  -1.0645410e-01   5.9921437e-02  -2.0567219e-01   1.3061798e-02  -2.4100252e-01   5.7993417e-02  -2.6759189e-02
   8.2579170e-02   2.1947277e-01   7.9816556e-01  -8.3152430e-02   6.1177897e-02  -1.8542226e-01   2.3115546e-02  -3.5362782e-01   1.1227568e-01  -3.4017179e-02
   1.4473824e-02   4.5836086e-02   3.1554760e-01  -5.7503430e-02   1.7977398e-02  -9.2689717e-02  -1.2041996e-02   6.3550046e-02   6.7227246e-02  -6.9148024e-03
   4.1280651e-02   1.0743270e-01   4.2039361e-01  -4.2104658e-02   2.9319904e-02  -7.9227129e-02  -2.2786625e-02  -8.8282000e-02  -8.5791152e-02  -1.1648547e-02
   9.8098108e-02   2.5280058e-01   8.5678182e-01  -7.8862474e-02   6.7641075e-02  -1.9938345e-01   2.3179979e-02  -2.7209382e-01  -2.6513774e-02  -4.2477578e-02
   7.4802308e-02   2.0852573e-01   8.1255781e-01  -6.3456311e-02   6.1163001e-02  -1.3854517e-01   5.1500959e-03  -2.9088431e-01  -4.2794516e-02  -2.1919404e-02
   9.7758511e-02   2.5034518e-01   9.6537971e-01  -7.4497926e-02   6.7630532e-02  -1.6205955e-01   2.3167642e-02  -2.8510286e-01   1.0341091e-01  -2.7036021e-02
   7.5596071e-02   2.0811974e-01   8.6266169e-01  -1.1077948e-01   6.2504939e-02  -2.2835668e-01   3.0740414e-02  -3.1613227e-01   1.1315156e-01  -3.5438467e-02
   7.9006071e-02   2.0287676e-01   8.0791476e-01  -8.8280013e-02   5.6596139e-02  -1.8836258e-01   2.5286965e-02  -3.0375541e-01   8.9705136e-02  -3.0911050e-02
   8.2894276e-02   2.2907736e-01   8.3166876e-01  -9.6511994e-02   6.9633871e-02  -1.7916451e-01   2.4739844e-02  -2.5658092e-01   1.2559746e-01  -1.8933054e-02
   7.3326019e-02   1.9257971e-01   6.6901294e-01  -6.8271142e-02   5.4729586e-02  -1.2704611e-01  -4.5364732e-03  -1.9374484e-01  -8.7364214e-03  -1.4384764e-02
   9.8364122e-02   2.7685926e-01   8.8713909e-01  -9.8583669e-02   8.5126016e-02  -1.8027684e-01   2.2696408e-02  -1.9079788e-01   1.1660686e-01  -1.6754845e-02
   7.0637406e-02   1.9758406e-01   6.7592242e-01  -7.9214312e-02   5.8426966e-02  -1.6698787e-01   4.4621084e-03  -1.4356820e-01   5.5498164e-03  -2.7375166e-02
   6.4503201e-02   1.6200937e-01   7.8760562e-01  -8.0605171e-02   4.6189730e-02  -1.5260529e-01   5.5431267e-03  -2.7365881e-01   2.5312107e-02  -1.8842941e-02
   7.2861366e-02   1.9073171e-01   7.9619336e-01  -8.8050094e-02   5.3452338e-02  -1.8363999e-01   2.1730071e-02  -1.1677314e-01   1.3195609e-01  -3.0911937e-02
   7.7353364e-02   2.1279003e-01   8.6238576e-01  -8.9345803e-02   6.4910238e-02  -1.6928370e-01   3.1194798e-03  -5.6270308e-01  -5.0029765e-02  -1.9237762e-02
   7.6081716e-02   1.9915509e-01   7.5052765e-01  -8.7624083e-02   5.4699089e-02  -1.8788938e-01   2.3370181e-02  -2.6622806e-01   1.1338486e-01  -3.3196244e-02
   8.0122872e-02   2.4165825e-01   9.1099325e-01  -8.4807252e-02   7.7855311e-02  -1.5577696e-01  -4.6918557e-04  -3.3648196e-01   1.9370380e-02  -1.4222517e-02
   5.4076763e-02   1.3272447e-01   6.4201669e-01  -5.5656920e-02   3.5175605e-02  -1.0580879e-01  -9.8883963e-03  -2.4497301e-01  -1.1435934e-02  -1.4950900e-02
   4.5571229e-02   1.2987159e-01   5.4091857e-01  -4.9150067e-02   4.0958401e-02  -9.2896877e-02  -2.3283088e-02  -2.9012029e-01  -1.2432718e-01  -9.7104112e-03
   4.7764186e-02   1.1770181e-01   5.5246013e-01  -5.3014077e-02   3.1298371e-02  -1.0222061e-01  -8.4350084e-03  -8.7635510e-02  -3.9966297e-02  -1.4372882e-02
   5.6091799e-02   1.6140342e-01   8.8114188e-01  -8.5580829e-02   5.2278113e-02  -1.5504127e-01   8.4749844e-04  -2.6539225e-01  -6.8604711e-03  -1.5800725e-02
   7.5993116e-02   2.0180364e-01   6.6501480e-01  -7.8818689e-02   5.6649537e-02  -1.6984832e-01   6.7544359e-03  -1.7659656e-01   1.4542233e-01  -2.9043353e-02
   7.9625173e-02   2.3675945e-01   8.5929932e-01  -1.0597783e-01   7.6565805e-02  -1.9766242e-01   1.7001654e-02  -1.7739330e-01   1.1644475e-01  -2.1484845e-02
   6.7780370e-02   2.0562489e-01   7.6865815e-01  -8.2659498e-02   6.7690827e-02  -1.5379285e-01   1.5940763e-02  -2.9715824e-01   4.4601851e-02  -1.4653073e-02
